1235 707 
1223 684 
1218 660 
1211 637 
1207 618 
1207 602 
1207 571 
1216 542 
1230 519 
1236 514 
1253 498 
1265 468 
1271 406 
1271 372 
1238 322 
1210 299 
1124 259 
1060 233 
986 208 
967 204 
955 204 
951 204 
948 248 
974 419 
1036 745 
1051 850 
1053 892 
1053 905 
1049 917 
1024 922 
959 922 
921 922 
839 889 
785 852 
698 762 
676 708 
670 630 
677 599 
735 544 
789 519 
852 500 
874 495 
910 506 
929 556 
935 665 
919 728 
893 763 
859 772 
828 774 
735 715 
666 656 
584 552 
553 476 
542 359 
546 318 
573 275 
589 260 
602 248 
608 244 
609 244 
609 244 
612 244 
615 244 
618 252 
618 308 
617 350 
609 399 
609 434 
616 500 
650 546 
671 563 
707 567 
731 564 
782 518 
814 483 
847 443 
853 429 
853 424 
853 423 
853 423 
853 423 
852 438 
843 461 
843 480 
845 489 
870 516 
896 531 
900 533 
908 533 
923 540 
927 544 
927 562 
904 603 
904 603 
930 669 
1015 693 
1061 706 
1084 717 
1084 717 
1084 717 
1083 720 
1057 733 
1034 740 
1020 740 
1018 740 
1018 740 
1017 739 
1052 726 
1093 726 
1144 743 
1159 759 
1168 781 
1168 790 
1161 798 
1146 811 
1130 831 
1122 841 
1122 842 
1122 844 
1123 845 
1136 848 
1181 851 
1236 856 
1302 862 
1321 856 
1359 800 
1380 766 
1399 686 
1405 610 
1405 492 
1405 427 
1405 342 
1405 305 
1405 253 
1417 217 
1440 190 
1467 172 
1484 168 
1511 171 
1521 185 
1525 212 
1525 233 
1519 245 
1458 283 
1407 298 
1367 311 
1308 316 
1286 321 
1275 327 
1268 338 
1263 407 
1263 481 
1263 563 
1263 597 
1263 635 
1263 663 
1250 690 
1223 712 
1169 729 
1141 732 
1096 732 
1051 732 
975 719 
921 694 
872 662 
850 641 
843 612 
843 584 
855 508 
864 459 
872 380 
846 339 
789 299 
763 289 
714 284 
686 284 
632 299 
606 311 
593 319 
592 324 
618 417 
664 526 
689 604 
691 620 
693 637 
692 650 
649 672 
610 679 
503 674 
380 605 
295 490 
278 424 
272 314 
272 253 
279 174 
284 145 
283 139 
283 139 
283 139 
283 139 
283 139 
282 148 
348 219 
502 327 
632 408 
672 429 
684 437 
684 437 
674 457 
643 486 
583 560 
551 595 
538 603 
538 603 
539 603 
599 583 
756 491 
841 458 
898 442 
926 440 
937 440 
937 440 
937 440 
937 440 
937 440 
932 440 
907 452 
890 460 
869 477 
856 520 
847 623 
847 674 
893 764 
929 805 
1011 848 
1120 865 
1221 865 
1249 865 
1258 865 
1258 865 
1240 862 
1182 855 
1027 868 
951 915 
937 924 
936 925 
936 925 
934 829 
934 682 
912 505 
912 457 
912 405 
911 394 
911 393 
911 393 
995 481 
1084 614 
1165 749 
1187 777 
1199 790 
1204 794 
1204 794 
1204 794 
1213 774 
1213 716 
1213 618 
1203 569 
1191 535 
1191 533 
1191 533 
1191 533 
1200 544 
1242 604 
1280 663 
1284 675 
1285 676 
1285 676 
1285 678 
1285 678 
1285 670 
1284 586 
1271 466 
1271 428 
1276 414 
1283 410 
1299 422 
1313 487 
1322 573 
1322 595 
1322 605 
1322 609 
1322 609 
1322 609 
1322 609 
1322 581 
1291 479 
1268 416 
1232 351 
1227 344 
1226 342 
1224 341 
1202 390 
1177 545 
1162 678 
1154 704 
1150 708 
1150 708 
1150 708 
1149 710 
1119 692 
1041 611 
931 484 
899 449 
885 434 
884 433 
884 433 
877 435 
855 510 
835 577 
792 669 
782 686 
779 689 
779 689 
777 691 
746 675 
651 570 
619 532 
598 511 
593 508 
592 508 
590 508 
585 522 
571 571 
523 654 
498 679 
489 686 
488 687 
486 687 
476 687 
392 616 
326 542 
310 520 
304 511 
298 507 
296 507 
293 507 
290 507 
287 518 
287 539 
365 607 
452 637 
554 648 
615 648 
660 648 
663 648 
663 648 
663 648 
663 648 
650 663 
610 690 
571 706 
521 740 
497 757 
480 776 
478 777 
489 805 
579 845 
721 872 
837 874 
871 874 
874 874 
874 874 
874 874 
820 882 
801 889 
792 894 
792 894 
794 894 
898 894 
1023 880 
1164 846 
1219 832 
1252 814 
1252 814 
1252 814 
1252 814 
1252 814 
1247 814 
1246 814 
1242 814 
1230 788 
1194 558 
1176 431 
1159 295 
1148 227 
1129 166 
1127 150 
1127 147 
1127 145 
1127 145 
1138 144 
1165 162 
1194 221 
1197 269 
1177 368 
1168 379 
1151 388 
1137 394 
1133 394 
1129 394 
1109 400 
1046 404 
1025 404 
965 398 
936 388 
918 385 
913 385 
911 385 
900 394 
873 512 
873 587 
857 660 
829 695 
826 695 
786 680 
711 641 
641 592 
574 534 
552 500 
550 464 
550 443 
560 412 
568 398 
599 352 
630 334 
671 320 
717 312 
755 312 
869 321 
1006 375 
1180 465 
1222 501 
1238 536 
1238 560 
1238 589 
1231 603 
1207 636 
1176 665 
1135 698 
1057 741 
982 767 
956 772 
924 772 
854 735 
817 700 
792 661 
780 613 
800 548 
830 523 
859 489 
884 463 
927 436 
949 431 
986 422 
1004 422 
1025 422 
1047 430 
1089 477 
1110 511 
1127 553 
1136 576 
1154 627 
1170 661 
1186 692 
1200 713 
1228 747 
1245 758 
1280 774 
1320 784 
1379 795 
1417 798 
1462 798 
1517 775 
1574 726 
1607 686 
1625 655 
1635 605 
1635 581 
1635 552 
1632 536 
1625 521 
1623 518 
1623 518 
1623 518 
1611 518 
1606 522 
1595 552 
1604 639 
1632 686 
1665 727 
